4294967293,131
4294967293,130
4294967293,129
4294967293,128
4294967293,127
4294967293,126
4294967293,125
4294967293,124
4294967293,123
4294967293,122
4294967293,121
4294967293,120
4294967293,119
4294967293,118
4294967293,117
4294967293,116
4294967293,115
4294967293,114
4294967293,113
4294967293,112
4294967293,111
4294967293,110
4294967293,109
4294967293,108
4294967293,107
4294967293,106
4294967293,105
4294967293,104
4294967293,103
4294967293,102
4294967293,101
4294967293,100
4294967293,99
4294967293,98
4294967293,97
4294967293,96
4294967293,95
4294967293,94
4294967293,93
4294967293,92
4294967293,91
4294967293,90
4294967293,89
4294967293,87
4294967293,86
4294967293,85
4294967293,84
4294967293,83
4294967293,82
4294967293,81
4294967293,80
4294967293,79
4294967293,78
4294967293,77
4294967293,76
4294967293,75
4294967293,74
4294967293,73
4294967293,72
4294967293,71
4294967293,70
4294967293,69
4294967293,68
4294967293,67
4294967293,66
4294967293,65
4294967293,64
4294967293,63
4294967293,62
4294967293,61
4294967293,60
4294967293,59
4294967293,58
4294967293,57
4294967293,56
4294967293,55
4294967293,54
4294967293,53
4294967293,52
4294967293,51
4294967293,50
4294967293,49
4294967293,48
4294967293,47
4294967293,46
4294967293,45
4294967293,44
4294967293,43
4294967293,42
4294967293,41
4294967293,40
4294967293,39
4294967293,38
4294967293,37
4294967293,36
4294967293,35
4294967293,34
4294967293,33
4294967293,32
4294967293,31
4294967293,30
4294967293,29
4294967293,28
4294967293,27
4294967293,26
4294967293,25
4294967293,24
4294967293,23
4294967293,22
4294967293,21
4294967293,20
4294967293,19
4294967293,18
4294967293,17
4294967293,16
4294967293,15
4294967293,14
4294967293,13
4294967293,12
4294967293,11
4294967293,10
4294967293,9
4294967293,8
4294967293,7
4294967293,6
4294967293,5
4294967293,4
4294967293,3
4294967278,132
4294967278,130
4294967278,126
4294967278,125
4294967278,339
4294967278,120
4294967278,111
4294967278,338
4294967278,337
4294967278,100
4294967278,99
4294967278,95
4294967278,89
4294967278,87
4294967278,86
4294967278,85
4294967278,78
4294967278,73
4294967278,68
4294967278,67
4294967278,516
4294967278,58
4294967278,515
4294967278,57
4294967278,514
4294967278,56
4294967278,513
4294967278,55
4294967278,53
4294967278,52
4294967278,51
4294967278,50
4294967278,315
4294967278,49
4294967278,314
4294967278,48
4294967278,313
4294967278,47
4294967278,336
4294967278,46
4294967278,45
4294967278,43
4294967278,308
4294967278,42
4294967278,41
4294967278,37
4294967278,36
4294967278,33
4294967278,32
4294967278,31
4294967278,27
4294967278,26
4294967278,22
4294967278,21
4294967278,17
4294967278,16
4294967278,12
4294967278,11
4294967278,9
4294967278,7
4294967278,6
4294967278,174
4294967278,0
4294967278,260
4294967279,131
4294967279,130
4294967279,127
4294967279,126
4294967279,125
4294967279,121
4294967279,115
4294967279,112
4294967279,105
4294967279,2
4294967279,100
4294967279,99
4294967279,95
4294967279,94
4294967279,93
4294967279,92
4294967279,91
4294967279,90
4294967279,89
4294967279,87
4294967279,86
4294967279,85
4294967279,84
4294967279,83
4294967279,82
4294967279,81
4294967279,79
4294967279,78
4294967279,74
4294967279,408
4294967279,73
4294967279,68
4294967279,63
4294967279,58
4294967279,328
4294967279,57
4294967279,327
4294967279,56
4294967279,326
4294967279,55
4294967279,54
4294967279,53
4294967279,51
4294967279,50
4294967279,320
4294967279,49
4294967279,47
4294967279,46
4294967279,44
4294967279,315
4294967279,43
4294967279,42
4294967279,41
4294967279,40
4294967279,39
4294967279,38
4294967279,37
4294967279,36
4294967279,35
4294967279,34
4294967279,305
4294967279,33
4294967279,32
4294967279,31
4294967279,30
4294967279,29
4294967279,28
4294967279,27
4294967279,26
4294967279,25
4294967279,24
4294967279,23
4294967279,22
4294967279,290
4294967279,21
4294967279,20
4294967279,19
4294967279,18
4294967279,17
4294967279,16
4294967279,12
4294967279,10
4294967279,7
4294967279,88
4294967279,4
4294967294,1567
4294967294,1439
4294967294,1467
4294967294,1446
4294967294,1420
4294967294,92
4294967294,91
4294967294,90
4294967294,88
4294967294,87
4294967294,86
4294967294,85
4294967294,971
4294967294,83
4294967294,82
4294967294,99
4294967294,8
4294967294,104
4294967278,303
4294967278,274
4294967278,335
4294967294,46
4294967294,1440
4294967294,926
4294967294,952
4294967294,1673
4294967294,24
4294967294,1674
4294967294,467
4294967294,1424
4294967294,493
4294967294,1311
4294967294,1441
4294967294,106
4294967294,107
4294967294,742
4294967294,738
4294967294,157
4294967294,735
4294967294,734
4294967294,732
4294967294,728
4294967294,727
4294967294,726
4294967294,725
4294967294,724
4294967294,723
4294967294,711
4294967294,701
4294967294,697
4294967294,686
4294967294,675
4294967294,673
4294967294,672
4294967294,668
4294967294,666
4294967294,150
4294967294,658
4294967294,656
4294967294,653
4294967294,652
4294967294,651
4294967294,650
4294967294,649
4294967294,648
4294967294,647
4294967294,645
4294967294,640
4294967294,638
4294967294,637
4294967294,636
4294967294,1
4294967294,634
4294967294,633
4294967294,632
4294967294,2
4294967294,631
4294967294,27
4294967294,628
4294967294,627
4294967294,626
4294967294,625
4294967294,624
4294967294,29
4294967294,617
4294967294,615
4294967294,614
4294967294,613
4294967294,611
4294967294,607
4294967294,605
4294967294,603
4294967294,601
4294967294,600
4294967294,1112
4294967294,599
4294967294,598
4294967294,25
4294967294,1124
4294967294,597
4294967294,596
4294967294,595
4294967294,1566
4294967294,53
4294967294,591
4294967294,590
4294967294,28
4294967294,588
4294967294,26
4294967294,586
4294967294,1565
4294967294,51
4294967294,1110
4294967294,585
4294967294,583
4294967294,3
4294967294,582
4294967294,581
4294967294,580
4294967294,143
4294967294,318
4294967294,313
4294967294,312
4294967294,909
4294967294,308
4294967294,305
4294967294,304
4294967294,1564
4294967294,298
4294967294,297
4294967294,296
4294967294,294
4294967294,1625
1,0
4294967294,429
4294967294,426
4294967294,280
4294967294,1459
4294967294,1666
4294967294,1090
4294967294,1603
4294967294,271
4294967294,1410
4294967294,270
4294967294,1113
4294967294,266
4294967294,1563
4294967294,264
4294967294,133
4294967294,1143
4294967294,257
4294967294,255
4294967294,253
4294967294,1562
4294967294,243
4294967294,240
4294967294,237
4294967294,236
4294967294,222
4294967294,219
4294967294,218
4294967294,217
4294967294,1435
4294967294,212
4294967294,208
4294967294,1088
4294967294,206
4294967294,204
4294967294,203
4294967294,1561
4294967294,1668
4294967294,1089
4294967294,201
4294967294,1558
4294967294,199
4294967294,198
4294967294,196
4294967294,195
4294967294,192
4294967294,1557
4294967294,1148
4294967294,568
4294967294,566
4294967294,1560
4294967294,558
4294967294,1135
4294967294,1662
4294967294,1556
4294967294,1559
4294967294,782
4294967294,982
4294967294,1555
4294967294,1140
4294967294,795
4294967294,125
4294967294,84
4294967279,276
4294967278,262
4294967279,407
4294967279,281
4294967278,255
4294967279,406
4294967279,405
4294967279,235
4294967278,233
4294967278,334
4294967278,333
4294967278,332
4294967279,404
4294967279,403
4294967279,402
4294967294,1436
4294967294,1554
4294967294,1553
4294967294,1552
4294967294,1551
4294967294,1549
4294967294,1550
4294967294,1408
4294967294,1548
4294967294,1665
4294967294,1604
4294967294,1547
4294967294,1546
4294967294,1619
4294967294,1544
4294967294,395
4294967294,914
4294967294,1664
4294967294,1618
4294967294,1616
4294967294,1421
4294967294,1130
4294967294,1136
4294967294,1631
4294967294,1132
4294967294,1133
4294967294,1125
4294967294,1134
4294967294,1091
4294967294,1626
4294967294,1606
4294967294,1423
4294967294,1607
4294967294,1464
4294967294,455
4294967294,1469
4294967294,1458
4294967294,1624
4294967294,1617
4294967294,1621
4294967294,444
4294967294,1613
4294967294,1614
4294967294,1676
4294967294,1667
4294967294,468
4294967294,514
4294967294,1468
4294967294,1601
4294967294,424
4294967294,1610
4294967294,1623
4294967294,392
4294967294,1461
4294967294,537
4294967294,1466
4294967294,1454
4294967294,536
4294967294,905
4294967294,529
4294967294,431
4294967294,1137
4294967294,1100
4294967294,370
4294967294,369
4294967294,368
4294967294,367
4294967294,366
4294967294,364
4294967294,365
4294967294,363
4294967294,362
4294967294,361
4294967294,0
4294967294,360
4294967294,359
4294967294,358
4294967294,357
4294967294,356
4294967294,355
4294967294,354
4294967294,973
4294967294,972
4294967294,970
4294967294,969
4294967279,257
4294967278,249
4294967278,331
4294967279,401
4294967279,399
4294967279,397
4294967279,221
4294967279,396
4294967278,330
4294967278,328
4294967279,400
4294967279,395
4294967278,329
4294967278,327
4294967279,394
4294967279,393
4294967279,392
4294967279,398
4294967294,957
4294967294,925
4294967294,452
4294967294,524
4294967294,418
4294967294,449
4294967294,448
4294967294,398
4294967294,414
4294967294,386
4294967294,191
4294967294,421
4294967294,420
4294967294,789
4294967294,410
4294967294,408
4294967294,404
4294967294,411
4294967294,190
4294967294,401
4294967294,406
4294967294,416
4294967294,183
4294967294,353
4294967294,352
4294967294,351
4294967294,451
4294967294,350
4294967294,349
4294967294,347
4294967294,348
4294967294,329
4294967294,328
4294967294,327
4294967294,326
4294967294,325
4294967294,324
4294967294,323
4294967294,322
4294967294,389
4294967294,321
4294967294,320
4294967294,346
4294967294,345
4294967294,344
4294967294,343
4294967294,342
4294967294,340
4294967294,341
4294967294,339
4294967294,338
4294967294,337
4294967294,440
4294967294,336
4294967294,399
4294967294,335
4294967294,334
4294967294,333
4294967294,412
4294967294,332
4294967294,331
4294967294,330
4294967294,31
4294967294,777
4294967294,1106
4294967294,1611
4294967294,779
